0.0 90.0
<<<<<<< HEAD
3.0 -0.0
4.242640687119285 45.0
4.242640687119285 135.0
4.242640687119285 225.0
6.708203932499369 -26.56505117707799
8.48528137423857 45.0
8.48528137423857 135.0
8.48528137423857 225.0
10.816653826391969 -33.690067525979785
12.727922061357855 45.0
12.727922061357855 135.0
12.727922061357855 225.0
15.0 -36.86989764584402
16.97056274847714 45.0
16.97056274847714 135.0
16.97056274847714 225.0
19.209372712298546 -38.65980825409011
21.213203435596427 45.0
21.213203435596427 135.0
21.213203435596427 225.0
23.430749027719962 -39.80557109226521
=======
4.75 -0.0
6.7175144212722016 45.0
6.7175144212722016 135.0
6.7175144212722016 225.0
10.621322893124 -26.56505117707799
13.435028842544403 45.0
13.435028842544403 135.0
13.435028842544403 225.0
17.12636855845395 -33.690067525979785
20.152543263816604 45.0
20.152543263816604 135.0
20.152543263816604 225.0
23.75 -36.86989764584402
>>>>>>> 52262418 (Merged with new branch:)
